77.8579
76.4841
75.7219
76.4326
73.8526
68.5308
72.4202
73.1416
74.1767
75.6666
79.8306
78.1748
77.2294
79.0601
79.6583
82.1682
85.8318
86.2759
88.5529
85.748
86.2379
89.5181
91.9116
94.5701
98.9693
98.5854
95.6694
95.975
98.1839
51.8381
102.717
106.791
104.008
102.547
98.5631
98.5649
92.9942
90.9461
93.0082
94.8952
101.371
96.5906
50.1837
97.509
99.8475
104.715
107.433
106.082
107.514
101.721
101.822
95.229
98.3876
102.863
106.89
53.1977
106.585
114.278
110.631
111.551
108.659
112.288
56.8227
113.83
57.4429
115.83
57.2286
114.062
108.488
112.305
109.102
109.552
110.219
118.129
119.961
122.932
124.878
121.119
56.4401
114.303
58.6935
118.134
119.145
63.2107
124.761
62.73
123.193
61.2034
134.926
67.8865
133.984
131.177
134.064
125.026
115.575
62.8688
62.9255
60.2764
126.769
131.555
135.872
136.43
70.9956
136.199
67.6676
130.084
62.3849
130.257
129.803
132.384
66.2407
141.587
69.0157
134.463
127.615
130.709
126.981
131.065
135.029
140.235
138.254
134.282
138.805
135.718
129.756
64.284
64.8194
61.3557
125.596
61.6914
125.428
130.369
132.827
127.748
136.704
139.512
141.149
143.827
147.405
142.358
139.454
139.884
140.443
71.1249
145.801
149.202
72.2259
146.048
146.995
146.467
148.01
152.03
145.243
142.822
65.8442
140.316
133.72
130.98
136.589
133.347
132.259
128.601
127.408
126.448
119.06
111.979
104.478
101.296
100.923
98.3828
97.705
98.2204
48.3218
46.7301
46.2122
92.2272
43.861
87.7618
42.8695
90.4405
48.1482
52.2411
51.8151
52.4398
49.0209
86.2921
79.6129
77.8293
77.2604
75.4325
79.4571
42.5685
48.0006
94.4345
100.315
51.889
104.742
50.4103
99.2443
49.1206
50.9717
51.1292
51.1689
104.856
55.8054
58.161
60.4813
60.1583
121.354
61.5486
127.6
124.825
127.888
128.379
124.772
64.3246
127.649
129.071
126.694
123.998
118.194
117.707
114.027
112.691
110.514
110.556
107.143
107.45
103.455
102.486
97.6433
94.5066
95.758
98.2292
102.682
103.953
112.699
50.4046
96.5587
100.493
98.2771
111.532
114.962
109.396
57.0548
109.88
52.6584
101.772
105.179
57.0379
116.848
119.362
126.046
126.457
119.237
116.651
121.559
119.335
115.721
122.032
126.012
61.329
115.985
59.4045
59.5898
117.827
59.8017
115.698
114.115
113.329
119.557
120.973
122.351
125.961
126.375
121.253
121.438
115.609
114.069
114.611
112.134
113.851
115.61
112.213
57.0598
115.637
115.546
116.033
115.74
113.575
115.836
117.114
111.78
111.475
113.565
106.54
101.473
104.533
99.3531
102.007
103.245
97.9822
93.8877
87.7291
82.7574
81.8977
80.6541
79.2817
79.6942
40.2341
83.0631
42.0403
86.9429
82.4184
88.8834
85.2022
89.0018
85.0425
85.243
85.7766
85.3834
80.4384
84.378
83.7749
79.427
80.385
80.4901
42.105
85.7569
83.9878
83.8245
80.4943
75.5488
76.832
36.5854
75.2865
39.5478
78.8702
78.793
41.358
78.994
76.9053
78.5772
38.5778
76.9837
39.4241
78.8557
82.2488
81.9993
80.4271
42.9811
42.2113
40.4234
82.6747
80.293
38.4799
